 2442734.784    3  3.846    3  1.484  0.743  0.957  1.448  1.461  1.914
 2442823.539    3  3.867    3  1.505  0.748  0.952  1.451  1.459  1.904
 2442823.618    3  3.850    3  1.492  0.743  0.951  1.448  1.459  1.900
 2442823.688    0  3.859    0  1.496  0.755  0.955  1.452  1.469  1.915
 2442823.796    0  3.865    0  1.497  0.737  0.941  1.430  1.454  1.897
 2442823.836    0  3.862    0  1.509  0.758  0.964  1.481  1.461  1.906
 2442824.539    3  3.864    3  1.500  0.755  0.967  1.454  1.472  1.917
 2442824.624    3  3.854    3  1.493  0.747  0.963  1.445  1.468  1.911
 2442824.763    0  3.852    0  1.492  0.733  0.956  1.443  1.455  1.907
 2442824.838    0  3.878    0  1.505  0.786  0.982  1.468  1.498  1.931
 2443925.535    1  3.842    2  1.503  0.745  0.952  1.441  1.454  1.903
 2443926.527    4  3.845    4  1.488  0.750  0.947  1.436  1.455  1.901
 2443927.572    3  3.847    3  1.490  0.752  0.944  1.438  1.461  1.907
 2443933.523    3  3.858    3  1.481  0.747  0.939  1.430  1.463  1.905
 2444180.810    3  3.841    3  1.497  0.751  0.944  1.440  1.459  1.903
 2444182.858    2  3.859    1  1.488  0.751  0.946  1.444  1.458  1.904
 2444226.716    3  3.842    3  1.490  0.747  0.947  1.438  1.463  1.898
 2444233.665    3  3.837    3  1.489  0.749  0.950  1.444  1.462  1.912
 2444243.659    4  3.842    3  1.488  0.750  0.947  1.442  1.459  1.905
 2444245.739    3  3.855    3  1.487  0.757  0.949  1.447  1.458  1.913
 2444255.606    3  3.829    3  1.488  0.752  0.945  1.440  1.457  1.905
 2444268.600    3  3.846    3  1.490  0.746  0.942  1.427  1.459  1.900
 2444283.557    1  3.828    1  1.501  0.752  0.948  1.445  1.460  1.903
 2444286.593    3  3.847    3  1.470  0.752  0.936  1.436  1.453  1.913
 2444287.623    2  3.851    2  1.487  0.753  0.939  1.439  1.465  1.924
 2444287.625    2  3.854    2  1.485  0.751  0.941  1.435  1.455  1.903
 2444288.601    2  3.841    2  1.487  0.757  0.949  1.447  1.468  1.917
 2444295.542    2  3.849    1  1.490  0.744  0.940  1.425  1.448  1.888
 2444297.586    1  3.844    2  1.507  0.750  0.943  1.436  1.457  1.909
 2444298.547    3  3.847    3  1.494  0.750  0.945  1.432  1.452  1.897
 2444299.586    2  3.840    2  1.488  0.751  0.944  1.435  1.461  1.909
 2444300.582    3  3.844    3  1.486  0.748  0.944  1.439  1.455  1.909
 2444300.593    3  3.843    3  1.481  0.750  0.937  1.433  1.450  1.902
 2444302.550    3  3.842    3  1.496  0.752  0.949  1.441  1.459  1.901
 2444302.554    3  3.844    3  1.494  0.753  0.942  1.441  1.461  1.901
 2444567.779    2  3.846    2  1.489  0.750  0.941  1.439  1.458  1.910
 2444603.758    2  3.843    3  1.480  0.750  0.943  1.438  1.456  1.909
 2444607.731    3  3.841    3  1.490  0.758  0.944  1.438  1.460  1.905
 2444615.699    3  3.848    3  1.492  0.758  0.948  1.444  1.464  1.913
 2444621.720    3  3.847    3  1.490  0.752  0.942  1.441  1.465  1.909
 2444630.655    0  3.849    2  1.489  0.759  0.946  1.446  1.467  1.920
 2444631.622    1  3.851    3  1.491  0.752  0.946  1.443  1.460  1.904
 2444637.642    3  3.837    3  1.492  0.757  0.948  1.446  1.465  1.921
 2444644.590    4  3.842    4  1.490  0.749  0.943  1.440  1.456  1.905
 2444656.581    3  3.856    3  1.494  0.755  0.949  1.448  1.462  1.914
 2444660.529    2  3.848    2  1.488  0.744  0.943  1.432  1.451  1.891
 2444666.518    4  3.851    4  1.488  0.748  0.938  1.435  1.461  1.913
 2444667.540    1  3.853    1  1.495  0.745  0.947  1.431  1.451  1.887
 2444676.561    2  3.842    2  1.488  0.755  0.946  1.439  1.461  1.911
 2444680.548    3  3.846    3  1.495  0.755  0.943  1.444  1.460  1.909
 2444694.509    3  3.839    3  1.496  0.752  0.953  1.434  1.457  1.899
 2444696.551    1  3.834    1  1.489  0.750  0.954  1.436  1.457  1.908
 2444891.801    4  3.832    3  1.495  0.750  0.946  1.439  1.455  1.905
 2444901.841    3  3.845    2  1.494  0.744  0.945  1.434  1.454  1.902
 2444905.849    3  3.841    3  1.490  0.754  0.946  1.439  1.459  1.907
 2444906.851    3  3.847    3  1.497  0.754  0.949  1.441  1.461  1.912
 2444910.805    3  3.844    3  1.490  0.750  0.945  1.434  1.456  1.902
 2444914.568    0  3.833    0  1.488  0.753  0.948  1.438  1.458  1.911
 2444914.649    0  3.838    0  1.498  0.750  0.948  1.444  1.462  1.906
 2444914.721    0  3.838    0  1.491  0.749  0.947  1.439  1.455  1.906
 2444914.780    3  3.834    3  1.492  0.751  0.948  1.440  1.459  1.908
 2444914.857    3  3.836    3  1.493  0.750  0.947  1.440  1.458  1.907
 2444917.572    0  3.824    0  1.488  0.751  0.947  1.442  1.457  1.909
 2444917.640    0  3.824    0  1.490  0.754  0.943  1.441  1.459  1.908
 2444917.749    0  3.825    0  1.491  0.753  0.945  1.442  1.458  1.910
 2444917.804    3  3.824    3  1.489  0.752  0.945  1.440  1.457  1.907
 2444917.857    3  3.824    3  1.490  0.753  0.945  1.441  1.457  1.909
 2444918.563    0  3.787    0  1.455  0.751  0.943  1.445  1.455  1.907
 2444918.628    3  3.805    3  1.478  0.752  0.945  1.438  1.462  1.910
 2444918.720    3  3.835    3  1.490  0.749  0.947  1.442  1.458  1.908
 2444918.786    3  3.838    3  1.492  0.751  0.945  1.438  1.460  1.908
 2444918.856    3  3.845    3  1.490  0.754  0.947  1.439  1.460  1.907
 2444919.562    0  3.816    0  1.488  0.752  0.948  1.442  1.462  1.906
 2444919.629    0  3.830    0  1.491  0.749  0.946  1.438  1.457  1.903
 2444919.802    3  3.823    3  1.490  0.750  0.947  1.439  1.459  1.903
 2444919.853    3  3.824    3  1.491  0.749  0.947  1.439  1.458  1.903
 2444920.564    0  3.827    0  1.492  0.747  0.946  1.435  1.454  1.903
 2444920.682    0  3.830    0  1.489  0.748  0.946  1.434  1.459  1.904
 2444920.745    0  3.827    0  1.488  0.748  0.945  1.435  1.455  1.905
 2444920.787    3  3.828    3  1.493  0.746  0.946  1.433  1.454  1.902
 2444920.859    3  3.828    3  1.491  0.747  0.945  1.434  1.455  1.903
 2444925.584    0  3.836    0  1.491  0.753  0.945  1.438  1.459  1.906
 2444925.639    0  3.842    0  1.492  0.752  0.946  1.439  1.458  1.907
 2444925.713    0  3.840    0  1.490  0.752  0.944  1.439  1.458  1.909
 2444925.791    3  3.839    3  1.492  0.752  0.945  1.438  1.458  1.906
 2444925.847    3  3.839    3  1.492  0.752  0.945  1.439  1.458  1.907
 2444969.758    3  3.850    3  1.492  0.752  0.945  1.435  1.456  1.899
 2444970.720    3  3.850    3  1.496  0.746  0.945  1.433  1.451  1.900
 2444971.752    3  3.844    3  1.490  0.748  0.948  1.434  1.452  1.901
 2444972.749    3  3.843    3  1.491  0.748  0.947  1.434  1.454  1.901
 2444987.599    3  3.845    2  1.491  0.748  0.947  1.436  1.456  1.904
 2445007.577    3  3.847    3  1.484  0.758  0.940  1.439  1.465  1.915
 2445015.537    0  3.845    0  1.496  0.736  0.942  1.419  1.435  1.875
 2445017.594    2  3.855    2  1.501  0.751  0.949  1.443  1.458  1.905
 2447767.907    3  3.834    3  1.488  0.739  0.943  1.435  1.455  1.898
 2447771.901    3  3.834    3  1.493  0.745  0.944  1.432  1.456  1.900
 2447784.882    3  3.836    3  1.484  0.747  0.943  1.439  1.457  1.906
 2447785.897    3  3.833    3  1.488  0.746  0.945  1.440  1.457  1.904
 2447786.884    3  3.839    3  1.492  0.745  0.947  1.436  1.456  1.901
 2447788.871    3  3.834    3  1.485  0.747  0.943  1.438  1.459  1.905
 2447789.875    3  3.835    3  1.487  0.746  0.943  1.434  1.456  1.904
 2447794.838    1  3.836    2  1.492  0.753  0.949  1.439  1.464  1.907
 2447795.815    3  3.837    3  1.483  0.741  0.937  1.437  1.450  1.898
 2447861.846    3  3.837    3  1.488  0.755  0.942  1.439  1.457  1.907
 2447873.756    3  3.851    3  1.485  0.753  0.944  1.439  1.461  1.910
 2447881.656    2  3.841    3  1.488  0.754  0.946  1.440  1.464  1.911
 2447887.677    2  3.842    2  1.493  0.751  0.944  1.440  1.458  1.908
 2447889.630    2  3.835    2  1.490  0.747  0.943  1.436  1.456  1.902
 2447889.683    2  3.841    2  1.490  0.748  0.945  1.436  1.457  1.902
 2447891.607    2  3.849    2  1.484  0.749  0.942  1.434  1.455  1.903
 2447891.661    2  3.850    2  1.487  0.750  0.943  1.434  1.458  1.903
 2447891.714    2  3.853    2  1.488  0.748  0.943  1.437  1.455  1.904
 2447891.763    2  3.845    2  1.485  0.751  0.941  1.438  1.457  1.906
 2447892.587    3  3.844    3  1.488  0.751  0.945  1.438  1.459  1.905
 2447892.628    3  3.845    3  1.490  0.750  0.944  1.436  1.456  1.904
 2447892.690    3  3.839    3  1.488  0.754  0.944  1.437  1.460  1.909
 2447892.748    3  3.846    3  1.492  0.753  0.945  1.437  1.461  1.905
 2447893.684    3  3.844    3  1.487  0.748  0.944  1.436  1.458  1.904
 2447893.733    3  3.845    3  1.489  0.748  0.945  1.437  1.459  1.902
 2447893.780    3  3.845    3  1.486  0.749  0.944  1.436  1.459  1.904
 2447894.562    3  3.853    3  1.488  0.748  0.940  1.435  1.456  1.903
 2447894.658    3  3.846    3  1.489  0.749  0.943  1.434  1.457  1.905
 2447894.708    3  3.848    3  1.490  0.752  0.943  1.439  1.458  1.905
 2447894.773    3  3.845    3  1.485  0.751  0.941  1.434  1.458  1.908
 2447895.565    3  3.847    3  1.492  0.754  0.945  1.442  1.467  1.907
 2447895.672    3  3.844    3  1.489  0.749  0.946  1.438  1.459  1.903
 2447895.713    3  3.845    3  1.488  0.752  0.944  1.437  1.460  1.903
 2447895.786    3  3.839    3  1.487  0.748  0.945  1.438  1.457  1.903
 2447896.567    3  3.849    3  1.485  0.748  0.942  1.435  1.455  1.900
 2447896.676    3  3.843    3  1.486  0.753  0.944  1.437  1.457  1.904
 2447896.759    3  3.844    3  1.488  0.753  0.941  1.434  1.456  1.905
 2447897.570    3  3.852    3  1.485  0.754  0.943  1.440  1.463  1.917
 2447897.678    3  3.850    3  1.491  0.748  0.946  1.437  1.456  1.903
 2447897.759    3  3.848    3  1.488  0.751  0.944  1.436  1.459  1.905
 2447898.565    3  3.849    3  1.485  0.751  0.946  1.437  1.460  1.906
 2447898.673    3  3.850    3  1.487  0.747  0.946  1.436  1.455  1.900
 2447898.758    3  3.844    3  1.488  0.750  0.944  1.438  1.459  1.904
 2447899.577    3  3.851    3  1.488  0.751  0.945  1.441  1.459  1.905
 2447899.664    3  3.847    3  1.488  0.751  0.944  1.439  1.460  1.905
 2447899.733    3  3.846    3  1.486  0.753  0.944  1.440  1.460  1.905
 2447900.573    3  3.858    3  1.494  0.748  0.941  1.430  1.445  1.891
 2447900.638    3  3.838    3  1.485  0.755  0.945  1.441  1.463  1.913
 2447900.693    3  3.838    3  1.482  0.751  0.942  1.438  1.459  1.906
 2447900.744    3  3.838    3  1.484  0.755  0.947  1.442  1.462  1.908
 2447901.620    3  3.851    3  1.487  0.752  0.946  1.439  1.462  1.907
 2447901.716    3  3.845    3  1.481  0.752  0.939  1.436  1.458  1.906
 2447902.623    3  3.845    3  1.483  0.759  0.942  1.441  1.460  1.911
 2447902.662    3  3.851    3  1.487  0.751  0.945  1.436  1.459  1.902
 2447902.700    3  3.845    3  1.484  0.755  0.946  1.440  1.460  1.912
 2447902.751    3  3.845    3  1.484  0.753  0.943  1.437  1.458  1.905
 2447903.619    3  3.844    3  1.487  0.752  0.942  1.439  1.460  1.903
 2447903.652    3  3.845    3  1.486  0.749  0.944  1.435  1.457  1.902
 2447903.727    3  3.845    3  1.481  0.749  0.942  1.435  1.455  1.902
 2447903.782    3  3.843    3  1.484  0.749  0.942  1.434  1.458  1.903
 2447910.635    3  3.846    3  1.487  0.752  0.946  1.438  1.457  1.906
 2447912.602    3  3.843    3  1.485  0.754  0.944  1.442  1.462  1.908
 2447913.688    3  3.849    3  1.486  0.754  0.945  1.437  1.459  1.908
 2447921.578    3  3.848    3  1.486  0.753  0.943  1.439  1.459  1.907
 2447924.581    2  3.840    2  1.492  0.749  0.948  1.439  1.459  1.905
 2447931.544    2  3.843    3  1.481  0.755  0.942  1.435  1.460  1.905
 2447932.545    1  3.853    2  1.484  0.753  0.945  1.439  1.460  1.902
 2447951.527    3  3.844    3  1.487  0.756  0.942  1.440  1.462  1.909
 2447954.529    3  3.845    4  1.485  0.749  0.942  1.433  1.459  1.905
 2447955.531    3  3.840    3  1.484  0.754  0.943  1.439  1.462  1.911
 2447965.520    3  3.845    4  1.481  0.755  0.945  1.438  1.462  1.910
 2447966.519    3  3.852    4  1.480  0.755  0.945  1.432  1.458  1.903
 2447967.519    3  3.848    3  1.481  0.755  0.945  1.442  1.462  1.914
 2447969.515    3  3.847    3  1.485  0.753  0.943  1.441  1.464  1.908
 2447970.535    3  3.846    3  1.485  0.748  0.941  1.433  1.455  1.897
 2448245.727    3  3.842    3  1.487  0.752  0.943  1.438  1.456  1.904
 2448249.559    2  3.846    2  1.483  0.755  0.945  1.438  1.461  1.908
 2448249.642    2  3.846    2  1.488  0.752  0.944  1.439  1.463  1.911
 2448249.756    2  3.847    2  1.492  0.747  0.944  1.436  1.453  1.901
 2448251.612    2  3.835    2  1.484  0.752  0.944  1.439  1.459  1.907
 2448251.694    2  3.854    2  1.491  0.750  0.947  1.438  1.456  1.901
 2448251.762    2  3.851    3  1.486  0.754  0.941  1.437  1.459  1.902
 2448252.616    2  3.840    2  1.493  0.748  0.946  1.437  1.456  1.896
 2448252.675    2  3.852    2  1.489  0.749  0.944  1.440  1.459  1.906
 2448252.746    2  3.843    2  1.484  0.746  0.939  1.437  1.453  1.899
 2448253.620    2  3.840    2  1.486  0.750  0.945  1.437  1.459  1.904
 2448253.681    2  3.846    2  1.488  0.757  0.946  1.440  1.462  1.911
 2448255.613    2  3.842    3  1.486  0.754  0.944  1.437  1.457  1.909
 2448255.665    2  3.837    3  1.485  0.750  0.942  1.436  1.456  1.906
 2448255.738    2  3.844    3  1.484  0.751  0.940  1.436  1.461  1.910
 2448256.615    1  3.838    2  1.493  0.749  0.947  1.439  1.454  1.901
 2448256.674    2  3.851    2  1.488  0.747  0.943  1.435  1.452  1.901
 2448256.739    1  3.850    2  1.489  0.739  0.944  1.434  1.452  1.895
 2448257.659    1  3.841    2  1.491  0.757  0.945  1.440  1.460  1.907
 2448258.583    2  3.847    3  1.491  0.752  0.945  1.436  1.459  1.905
 2448259.590    3  3.847    3  1.488  0.749  0.943  1.434  1.456  1.903
 2448259.669    3  3.857    3  1.492  0.747  0.944  1.435  1.455  1.903
 2448259.736    3  3.853    3  1.486  0.753  0.943  1.438  1.460  1.903
 2448260.609    1  3.840    2  1.488  0.750  0.943  1.433  1.455  1.899
 2448613.662    3  3.842    3  1.489  0.752  0.946  1.438  1.459  1.906
 2448613.756    3  3.847    3  1.484  0.754  0.944  1.439  1.461  1.913
 2448614.669    2  3.843    2  1.495  0.755  0.945  1.441  1.459  1.910
 2448614.726    2  3.842    2  1.489  0.756  0.944  1.436  1.461  1.910
 2448614.776    2  3.848    2  1.485  0.752  0.946  1.438  1.458  1.903
 2448615.672    3  3.842    3  1.488  0.754  0.946  1.440  1.460  1.910
 2448615.724    3  3.841    3  1.491  0.753  0.948  1.441  1.461  1.907
 2448617.737    3  3.844    3  1.484  0.753  0.944  1.439  1.459  1.910
 2448618.692    2  3.838    3  1.486  0.757  0.947  1.442  1.468  1.912
 2448618.755    2  3.861    3  1.493  0.750  0.944  1.437  1.459  1.903
 2448621.696    2  3.846    2  1.487  0.755  0.945  1.441  1.463  1.912
 2448623.658    2  3.843    2  1.489  0.751  0.945  1.438  1.460  1.906
 2448623.715    2  3.847    2  1.488  0.755  0.949  1.439  1.465  1.910
 2448624.611    3  3.844    3  1.489  0.751  0.949  1.442  1.461  1.909
 2448624.727    3  3.844    3  1.489  0.754  0.946  1.439  1.460  1.909
 2448625.711    3  3.847    3  1.485  0.747  0.943  1.431  1.452  1.901
 2448629.652    3  3.844    3  1.486  0.751  0.944  1.436  1.461  1.907
 2448644.566    3  3.847    3  1.492  0.751  0.946  1.439  1.458  1.906
 2448646.614    3  3.848    3  1.490  0.753  0.948  1.441  1.464  1.915
 2448651.569    3  3.847    3  1.487  0.744  0.943  1.435  1.454  1.900
 2448652.596    3  3.853    3  1.495  0.754  0.945  1.441  1.461  1.907
 2448653.593    3  3.847    3  1.488  0.748  0.951  1.446  1.461  1.912
 2448654.537    3  3.847    3  1.488  0.750  0.948  1.435  1.461  1.908
 2448655.548    3  3.847    3  1.483  0.752  0.950  1.439  1.465  1.914
 2448655.596    3  3.852    3  1.487  0.752  0.948  1.439  1.462  1.908
 2448656.545    3  3.847    3  1.487  0.750  0.948  1.436  1.457  1.909
 2448656.609    3  3.845    3  1.486  0.753  0.948  1.433  1.461  1.909
 2448657.582    3  3.840    3  1.485  0.751  0.945  1.439  1.459  1.910
 2448657.588    3  3.843    3  1.488  0.752  0.947  1.441  1.461  1.911
 2448658.551    3  3.845    3  1.485  0.752  0.946  1.436  1.459  1.910
 2448658.649    3  3.853    3  1.492  0.752  0.944  1.436  1.459  1.899
 2448659.560    2  3.849    2  1.494  0.744  0.946  1.437  1.450  1.895
 2448660.603    1  3.843    2  1.491  0.744  0.946  1.435  1.449  1.899
 2448664.545    3  3.850    3  1.487  0.754  0.947  1.438  1.460  1.907
 2448667.545    3  3.849    3  1.488  0.754  0.946  1.439  1.462  1.912
 2448668.541    3  3.849    3  1.490  0.753  0.945  1.439  1.459  1.907
 2448669.545    3  3.844    3  1.492  0.752  0.942  1.438  1.459  1.905
 2448671.541    1  3.841    1  1.494  0.741  0.947  1.438  1.453  1.899
 2448672.542    2  3.843    2  1.481  0.755  0.945  1.436  1.461  1.913
 2448674.529    3  3.855    3  1.491  0.749  0.947  1.438  1.455  1.903
 2448675.530    3  3.855    3  1.492  0.751  0.944  1.438  1.457  1.910
 2448676.537    3  3.851    3  1.490  0.752  0.947  1.439  1.457  1.905
 2448677.537    3  3.847    3  1.491  0.750  0.946  1.439  1.457  1.906
 2448678.536    3  3.846    3  1.492  0.748  0.945  1.434  1.451  1.899
 2448679.529    3  3.845    3  1.495  0.753  0.946  1.438  1.461  1.907
